+---------+--------+--------+-------------+----------+---------------+--------+--------+---------+---------+--------------+--------+-----------------+---------------------------------+
|   Epoch |    acc |     f1 |   precision |   recall |   specificity |    mcc |   nmcc |   auroc |   auprc |          plr |    nlr |   learning_rate | confusion_matrix                |
+=========+========+========+=============+==========+===============+========+========+=========+=========+==============+========+=================+=================================+
|       1 | 0.8166 | 0.1298 |      0.78   |   0.0749 |        0.9984 | 0.2073 | 0.6036 |  0.6385 |  0.4027 |  5.25433e+07 | 0.9264 |      0.001      | [[13.1, 1.0], [152.4, 669.5]]   |
+---------+--------+--------+-------------+----------+---------------+--------+--------+---------+---------+--------------+--------+-----------------+---------------------------------+
|       2 | 0.8161 | 0.188  |      0.5731 |   0.1403 |        0.9866 | 0.2236 | 0.6118 |  0.6523 |  0.4188 |  7.6625e+06  | 0.8685 |      0.001      | [[21.1, 9.2], [144.4, 661.3]]   |
+---------+--------+--------+-------------+----------+---------------+--------+--------+---------+---------+--------------+--------+-----------------+---------------------------------+
|       3 | 0.7886 | 0.2848 |      0.5628 |   0.2895 |        0.908  | 0.2677 | 0.6339 |  0.6869 |  0.474  |  2.07373e+07 | 0.7558 |      0.001      | [[49.7, 60.2], [115.8, 610.3]]  |
+---------+--------+--------+-------------+----------+---------------+--------+--------+---------+---------+--------------+--------+-----------------+---------------------------------+
|       4 | 0.6669 | 0.1787 |      0.432  |   0.3129 |        0.7662 | 0.1393 | 0.5697 |  0.6768 |  0.4476 |  2.09089e+07 | 0.7881 |      0.001      | [[47.4, 155.5], [118.1, 515.0]] |
+---------+--------+--------+-------------+----------+---------------+--------+--------+---------+---------+--------------+--------+-----------------+---------------------------------+
|       5 | 0.723  | 0.1946 |      0.5661 |   0.2864 |        0.8283 | 0.179  | 0.5895 |  0.6855 |  0.4655 |  1.73275e+07 | 0.796  |      0.001      | [[48.2, 114.9], [117.3, 555.6]] |
+---------+--------+--------+-------------+----------+---------------+--------+--------+---------+---------+--------------+--------+-----------------+---------------------------------+
|       6 | 0.6863 | 0.2453 |      0.4745 |   0.3827 |        0.7637 | 0.1997 | 0.5998 |  0.6724 |  0.4486 |  2.4697e+07  | 0.7049 |      0.001      | [[62.2, 156.8], [103.3, 513.7]] |
+---------+--------+--------+-------------+----------+---------------+--------+--------+---------+---------+--------------+--------+-----------------+---------------------------------+
|       7 | 0.7656 | 0.2821 |      0.4089 |   0.3197 |        0.8772 | 0.2518 | 0.6259 |  0.6944 |  0.4799 | 19.9017      | 0.7286 |      0.001      | [[52.6, 84.0], [112.9, 586.5]]  |
+---------+--------+--------+-------------+----------+---------------+--------+--------+---------+---------+--------------+--------+-----------------+---------------------------------+
|       8 | 0.8175 | 0.1461 |      0.4556 |   0.0991 |        0.9965 | 0.2012 | 0.6006 |  0.6672 |  0.4525 |  1.44831e+07 | 0.9031 |      0.001      | [[15.5, 2.4], [150.0, 668.1]]   |
+---------+--------+--------+-------------+----------+---------------+--------+--------+---------+---------+--------------+--------+-----------------+---------------------------------+
|       9 | 0.7663 | 0.2078 |      0.4894 |   0.2574 |        0.8926 | 0.2118 | 0.6059 |  0.6823 |  0.4723 |  2.84229e+07 | 0.7896 |      0.001      | [[42.0, 71.1], [123.5, 599.4]]  |
+---------+--------+--------+-------------+----------+---------------+--------+--------+---------+---------+--------------+--------+-----------------+---------------------------------+
|      10 | 0.5985 | 0.3078 |      0.4799 |   0.5276 |        0.637  | 0.221  | 0.6105 |  0.704  |  0.4943 |  7.18564e+06 | 0.557  |      0.0005     | [[80.7, 249.3], [84.8, 421.2]]  |
+---------+--------+--------+-------------+----------+---------------+--------+--------+---------+---------+--------------+--------+-----------------+---------------------------------+
|      11 | 0.6763 | 0.3862 |      0.6904 |   0.5021 |        0.7454 | 0.3318 | 0.6659 |  0.7321 |  0.5458 |  4.46019e+07 | 0.536  |      0.0005     | [[75.5, 180.1], [90.0, 490.4]]  |
+---------+--------+--------+-------------+----------+---------------+--------+--------+---------+---------+--------------+--------+-----------------+---------------------------------+
|      12 | 0.7595 | 0.3242 |      0.7969 |   0.3029 |        0.8845 | 0.3293 | 0.6646 |  0.7408 |  0.5627 |  3.15216e+07 | 0.7095 |      0.0005     | [[47.0, 85.5], [118.5, 585.0]]  |
+---------+--------+--------+-------------+----------+---------------+--------+--------+---------+---------+--------------+--------+-----------------+---------------------------------+
|      13 | 0.7641 | 0.2594 |      0.7306 |   0.2766 |        0.8914 | 0.2806 | 0.6403 |  0.7212 |  0.5452 |  3.73218e+07 | 0.7697 |      0.0005     | [[44.1, 77.5], [121.4, 593.0]]  |
+---------+--------+--------+-------------+----------+---------------+--------+--------+---------+---------+--------------+--------+-----------------+---------------------------------+
|      14 | 0.5922 | 0.2742 |      0.5922 |   0.5231 |        0.611  | 0.1792 | 0.5896 |  0.7355 |  0.5356 |  1.89828e+07 | 0.6654 |      0.0005     | [[86.6, 261.1], [78.9, 409.4]]  |
+---------+--------+--------+-------------+----------+---------------+--------+--------+---------+---------+--------------+--------+-----------------+---------------------------------+
|      15 | 0.5485 | 0.3327 |      0.4443 |   0.617  |        0.5233 | 0.212  | 0.606  |  0.7358 |  0.5505 |  4.15366e+07 | 0.5379 |      0.0005     | [[103.7, 308.3], [61.8, 362.2]] |
+---------+--------+--------+-------------+----------+---------------+--------+--------+---------+---------+--------------+--------+-----------------+---------------------------------+
|      16 | 0.7476 | 0.2888 |      0.4736 |   0.3082 |        0.873  | 0.2572 | 0.6286 |  0.6921 |  0.4782 |  4.1216e+07  | 0.7097 |      0.0005     | [[45.7, 87.7], [119.8, 582.8]]  |
+---------+--------+--------+-------------+----------+---------------+--------+--------+---------+---------+--------------+--------+-----------------+---------------------------------+
|      17 | 0.7828 | 0.2815 |      0.9002 |   0.2545 |        0.9247 | 0.3293 | 0.6646 |  0.7287 |  0.5663 |  6.76191e+07 | 0.7673 |      0.0005     | [[38.3, 56.9], [127.2, 613.6]]  |
+---------+--------+--------+-------------+----------+---------------+--------+--------+---------+---------+--------------+--------+-----------------+---------------------------------+
|      18 | 0.8075 | 0.3224 |      0.8718 |   0.2736 |        0.9323 | 0.3421 | 0.6711 |  0.7465 |  0.5883 |  2.8984e+07  | 0.7588 |      0.0005     | [[48.3, 43.8], [117.2, 626.7]]  |
+---------+--------+--------+-------------+----------+---------------+--------+--------+---------+---------+--------------+--------+-----------------+---------------------------------+
|      19 | 0.7695 | 0.3308 |      0.7428 |   0.3574 |        0.8662 | 0.3197 | 0.6599 |  0.7532 |  0.5923 |  7.38147e+07 | 0.6988 |      0.0005     | [[60.1, 87.0], [105.4, 583.5]]  |
+---------+--------+--------+-------------+----------+---------------+--------+--------+---------+---------+--------------+--------+-----------------+---------------------------------+
|      20 | 0.7485 | 0.3942 |      0.6675 |   0.4166 |        0.8322 | 0.3429 | 0.6715 |  0.7634 |  0.6068 |  5.57827e+07 | 0.6515 |      0.00025    | [[68.6, 115.9], [96.9, 554.6]]  |
+---------+--------+--------+-------------+----------+---------------+--------+--------+---------+---------+--------------+--------+-----------------+---------------------------------+
|      21 | 0.8483 | 0.3704 |      0.9201 |   0.2504 |        0.9942 | 0.412  | 0.706  |  0.7818 |  0.6241 |  6.76157e+07 | 0.7533 |      0.00025    | [[42.6, 3.9], [122.9, 666.6]]   |
+---------+--------+--------+-------------+----------+---------------+--------+--------+---------+---------+--------------+--------+-----------------+---------------------------------+
|      22 | 0.8547 | 0.4602 |      0.8569 |   0.3425 |        0.9812 | 0.4652 | 0.7326 |  0.7824 |  0.6265 |  1.01797e+07 | 0.6688 |      0.00025    | [[57.0, 13.2], [108.5, 657.3]]  |
+---------+--------+--------+-------------+----------+---------------+--------+--------+---------+---------+--------------+--------+-----------------+---------------------------------+
|      23 | 0.813  | 0.3577 |      0.7874 |   0.3124 |        0.9397 | 0.3603 | 0.6802 |  0.7751 |  0.6169 |  7.94867e+07 | 0.7168 |      0.00025    | [[50.3, 41.8], [115.2, 628.7]]  |
+---------+--------+--------+-------------+----------+---------------+--------+--------+---------+---------+--------------+--------+-----------------+---------------------------------+
|      24 | 0.7721 | 0.4245 |      0.7647 |   0.4158 |        0.87   | 0.4082 | 0.7041 |  0.7836 |  0.6277 |  8.3331e+07  | 0.6151 |      0.00025    | [[67.0, 95.3], [98.5, 575.2]]   |
+---------+--------+--------+-------------+----------+---------------+--------+--------+---------+---------+--------------+--------+-----------------+---------------------------------+
|      25 | 0.8442 | 0.4496 |      0.8459 |   0.3503 |        0.9623 | 0.4531 | 0.7266 |  0.7803 |  0.6256 |  4.28403e+07 | 0.6661 |      0.00025    | [[59.8, 24.5], [105.7, 646.0]]  |
+---------+--------+--------+-------------+----------+---------------+--------+--------+---------+---------+--------------+--------+-----------------+---------------------------------+
|      26 | 0.838  | 0.3727 |      0.875  |   0.268  |        0.9742 | 0.3917 | 0.6959 |  0.7709 |  0.6131 |  6.08742e+07 | 0.7486 |      0.00025    | [[46.5, 16.7], [119.0, 653.8]]  |
+---------+--------+--------+-------------+----------+---------------+--------+--------+---------+---------+--------------+--------+-----------------+---------------------------------+
|      27 | 0.7946 | 0.3617 |      0.8425 |   0.3458 |        0.8968 | 0.3725 | 0.6862 |  0.7733 |  0.6177 |  8.69889e+07 | 0.6747 |      0.00025    | [[59.6, 64.0], [105.9, 606.5]]  |
+---------+--------+--------+-------------+----------+---------------+--------+--------+---------+---------+--------------+--------+-----------------+---------------------------------+
|      28 | 0.7808 | 0.4239 |      0.7242 |   0.4144 |        0.8733 | 0.3941 | 0.6971 |  0.7841 |  0.6277 |  1.09827e+07 | 0.633  |      0.00025    | [[68.2, 87.7], [97.3, 582.8]]   |
+---------+--------+--------+-------------+----------+---------------+--------+--------+---------+---------+--------------+--------+-----------------+---------------------------------+
|      29 | 0.8076 | 0.4414 |      0.7678 |   0.4052 |        0.9011 | 0.42   | 0.71   |  0.7804 |  0.6303 |  4.43246e+07 | 0.6307 |      0.00025    | [[68.7, 64.0], [96.8, 606.5]]   |
+---------+--------+--------+-------------+----------+---------------+--------+--------+---------+---------+--------------+--------+-----------------+---------------------------------+
|      30 | 0.8161 | 0.4399 |      0.7993 |   0.3659 |        0.9238 | 0.4231 | 0.7116 |  0.7681 |  0.6075 |  3.38115e+07 | 0.6766 |      0.000125   | [[62.2, 51.3], [103.3, 619.2]]  |
+---------+--------+--------+-------------+----------+---------------+--------+--------+---------+---------+--------------+--------+-----------------+---------------------------------+
|      31 | 0.8477 | 0.4728 |      0.8386 |   0.371  |        0.9589 | 0.4642 | 0.7321 |  0.786  |  0.6348 |  7.17804e+07 | 0.6499 |      0.000125   | [[64.3, 26.0], [101.2, 644.5]]  |
+---------+--------+--------+-------------+----------+---------------+--------+--------+---------+---------+--------------+--------+-----------------+---------------------------------+
|      32 | 0.8202 | 0.425  |      0.8377 |   0.3417 |        0.9394 | 0.4292 | 0.7146 |  0.78   |  0.6266 |  7.59809e+07 | 0.6879 |      0.000125   | [[56.3, 41.6], [109.2, 628.9]]  |
+---------+--------+--------+-------------+----------+---------------+--------+--------+---------+---------+--------------+--------+-----------------+---------------------------------+
|      33 | 0.854  | 0.4514 |      0.8644 |   0.3377 |        0.9786 | 0.4602 | 0.7301 |  0.7918 |  0.6407 |  3.51956e+07 | 0.673  |      0.000125   | [[57.9, 14.5], [107.6, 656.0]]  |
+---------+--------+--------+-------------+----------+---------------+--------+--------+---------+---------+--------------+--------+-----------------+---------------------------------+
|      34 | 0.8582 | 0.4315 |      0.9532 |   0.2874 |        0.997  | 0.4698 | 0.7349 |  0.7861 |  0.6287 |  5.05794e+07 | 0.7147 |      0.000125   | [[48.8, 2.0], [116.7, 668.5]]   |
+---------+--------+--------+-------------+----------+---------------+--------+--------+---------+---------+--------------+--------+-----------------+---------------------------------+
|      35 | 0.864  | 0.4895 |      0.8869 |   0.3574 |        0.9857 | 0.4957 | 0.7479 |  0.7828 |  0.6302 | 65.6617      | 0.6504 |      0.000125   | [[60.9, 9.3], [104.6, 661.2]]   |
+---------+--------+--------+-------------+----------+---------------+--------+--------+---------+---------+--------------+--------+-----------------+---------------------------------+
|      36 | 0.8555 | 0.5032 |      0.7888 |   0.3962 |        0.9674 | 0.4776 | 0.7388 |  0.7928 |  0.6412 |  4.89022e+07 | 0.623  |      0.000125   | [[66.8, 22.6], [98.7, 647.9]]   |
+---------+--------+--------+-------------+----------+---------------+--------+--------+---------+---------+--------------+--------+-----------------+---------------------------------+
|      37 | 0.851  | 0.3967 |      0.9447 |   0.2619 |        0.9968 | 0.4419 | 0.721  |  0.7847 |  0.6277 |  8.83415e+07 | 0.7403 |      0.000125   | [[43.1, 2.2], [122.4, 668.3]]   |
+---------+--------+--------+-------------+----------+---------------+--------+--------+---------+---------+--------------+--------+-----------------+---------------------------------+
|      38 | 0.8433 | 0.483  |      0.7702 |   0.3968 |        0.9566 | 0.4583 | 0.7292 |  0.7925 |  0.6345 |  2.27273e+07 | 0.6282 |      0.000125   | [[64.7, 30.5], [100.8, 640.0]]  |
+---------+--------+--------+-------------+----------+---------------+--------+--------+---------+---------+--------------+--------+-----------------+---------------------------------+
|      39 | 0.8451 | 0.4104 |      0.8962 |   0.2859 |        0.9832 | 0.4358 | 0.7179 |  0.7843 |  0.6242 |  9.79159e+07 | 0.7266 |      0.000125   | [[48.1, 12.5], [117.4, 658.0]]  |
+---------+--------+--------+-------------+----------+---------------+--------+--------+---------+---------+--------------+--------+-----------------+---------------------------------+
|      40 | 0.8276 | 0.4514 |      0.8005 |   0.4054 |        0.9245 | 0.4417 | 0.7209 |  0.7816 |  0.6276 |  1.0165e+08  | 0.6202 |      6.25e-05   | [[70.1, 47.9], [95.4, 622.6]]   |
+---------+--------+--------+-------------+----------+---------------+--------+--------+---------+---------+--------------+--------+-----------------+---------------------------------+
|      41 | 0.859  | 0.4647 |      0.8862 |   0.3309 |        0.9871 | 0.476  | 0.738  |  0.7924 |  0.637  |  3.58232e+07 | 0.6772 |      6.25e-05   | [[56.3, 8.8], [109.2, 661.7]]   |
+---------+--------+--------+-------------+----------+---------------+--------+--------+---------+---------+--------------+--------+-----------------+---------------------------------+
|      42 | 0.864  | 0.4869 |      0.8766 |   0.3544 |        0.9862 | 0.4919 | 0.746  |  0.791  |  0.6384 | 54.7271      | 0.6536 |      6.25e-05   | [[60.9, 9.3], [104.6, 661.2]]   |
+---------+--------+--------+-------------+----------+---------------+--------+--------+---------+---------+--------------+--------+-----------------+---------------------------------+
|      43 | 0.8564 | 0.4959 |      0.8106 |   0.3952 |        0.9665 | 0.4809 | 0.7404 |  0.7874 |  0.6348 |  3.49727e+07 | 0.6208 |      6.25e-05   | [[67.6, 22.5], [97.9, 648.0]]   |
+---------+--------+--------+-------------+----------+---------------+--------+--------+---------+---------+--------------+--------+-----------------+---------------------------------+
|      44 | 0.8132 | 0.4659 |      0.7934 |   0.4029 |        0.909  | 0.4441 | 0.722  |  0.7867 |  0.6344 |  2.37114e+07 | 0.6288 |      6.25e-05   | [[68.8, 59.2], [96.7, 611.3]]   |
+---------+--------+--------+-------------+----------+---------------+--------+--------+---------+---------+--------------+--------+-----------------+---------------------------------+
|      45 | 0.8504 | 0.5253 |      0.7928 |   0.4198 |        0.9579 | 0.494  | 0.747  |  0.7929 |  0.6409 | 62.6793      | 0.6053 |      6.25e-05   | [[69.6, 30.0], [95.9, 640.5]]   |
+---------+--------+--------+-------------+----------+---------------+--------+--------+---------+---------+--------------+--------+-----------------+---------------------------------+
|      46 | 0.862  | 0.5011 |      0.8527 |   0.3821 |        0.977  | 0.4964 | 0.7482 |  0.7906 |  0.6377 |  5.27044e+07 | 0.6293 |      6.25e-05   | [[65.2, 15.4], [100.3, 655.1]]  |
+---------+--------+--------+-------------+----------+---------------+--------+--------+---------+---------+--------------+--------+-----------------+---------------------------------+
|      47 | 0.8529 | 0.4849 |      0.808  |   0.3836 |        0.9643 | 0.4693 | 0.7346 |  0.7917 |  0.6372 |  6.69229e+07 | 0.6339 |      6.25e-05   | [[65.9, 23.4], [99.6, 647.1]]   |
+---------+--------+--------+-------------+----------+---------------+--------+--------+---------+---------+--------------+--------+-----------------+---------------------------------+
|      48 | 0.8581 | 0.4869 |      0.853  |   0.37   |        0.9755 | 0.485  | 0.7425 |  0.794  |  0.6397 | 57.1575      | 0.6416 |      6.25e-05   | [[62.7, 16.0], [102.8, 654.5]]  |
+---------+--------+--------+-------------+----------+---------------+--------+--------+---------+---------+--------------+--------+-----------------+---------------------------------+
|      49 | 0.7961 | 0.478  |      0.6639 |   0.485  |        0.8699 | 0.4189 | 0.7094 |  0.7851 |  0.6332 |  2.06704e+07 | 0.5725 |      6.25e-05   | [[82.0, 87.7], [83.5, 582.8]]   |
+---------+--------+--------+-------------+----------+---------------+--------+--------+---------+---------+--------------+--------+-----------------+---------------------------------+
|      50 | 0.8529 | 0.4705 |      0.9015 |   0.3449 |        0.9723 | 0.4792 | 0.7396 |  0.7925 |  0.6403 |  1.27892e+08 | 0.6721 |      3.125e-05  | [[60.0, 17.8], [105.5, 652.7]]  |
+---------+--------+--------+-------------+----------+---------------+--------+--------+---------+---------+--------------+--------+-----------------+---------------------------------+
|      51 | 0.8343 | 0.4636 |      0.8214 |   0.375  |        0.9421 | 0.4564 | 0.7282 |  0.7916 |  0.6352 |  3.23864e+07 | 0.6452 |      3.125e-05  | [[64.5, 37.4], [101.0, 633.1]]  |
+---------+--------+--------+-------------+----------+---------------+--------+--------+---------+---------+--------------+--------+-----------------+---------------------------------+
|      52 | 0.8611 | 0.493  |      0.8502 |   0.3597 |        0.9828 | 0.4877 | 0.7439 |  0.7885 |  0.6325 | 64.3772      | 0.6508 |      3.125e-05  | [[61.0, 11.8], [104.5, 658.7]]  |
+---------+--------+--------+-------------+----------+---------------+--------+--------+---------+---------+--------------+--------+-----------------+---------------------------------+
|      53 | 0.8622 | 0.5126 |      0.8186 |   0.3821 |        0.9802 | 0.4943 | 0.7472 |  0.7921 |  0.6385 | 30.1456      | 0.6304 |      3.125e-05  | [[63.6, 13.4], [101.9, 657.1]]  |
+---------+--------+--------+-------------+----------+---------------+--------+--------+---------+---------+--------------+--------+-----------------+---------------------------------+
|      54 | 0.8623 | 0.504  |      0.8335 |   0.3771 |        0.9787 | 0.4901 | 0.7451 |  0.7946 |  0.6415 | 32.291       | 0.6356 |      3.125e-05  | [[64.2, 14.0], [101.3, 656.5]]  |
+---------+--------+--------+-------------+----------+---------------+--------+--------+---------+---------+--------------+--------+-----------------+---------------------------------+
|      55 | 0.8559 | 0.5015 |      0.8216 |   0.3844 |        0.9715 | 0.486  | 0.743  |  0.7951 |  0.6414 |  3.51516e+07 | 0.6309 |      3.125e-05  | [[64.4, 19.8], [101.1, 650.7]]  |
+---------+--------+--------+-------------+----------+---------------+--------+--------+---------+---------+--------------+--------+-----------------+---------------------------------+
|      56 | 0.8627 | 0.5338 |      0.796  |   0.4186 |        0.9692 | 0.5026 | 0.7513 |  0.7942 |  0.6432 | 35.7995      | 0.5988 |      3.125e-05  | [[71.2, 20.8], [94.3, 649.7]]   |
+---------+--------+--------+-------------+----------+---------------+--------+--------+---------+---------+--------------+--------+-----------------+---------------------------------+
|      57 | 0.8533 | 0.4977 |      0.8082 |   0.4071 |        0.9585 | 0.4804 | 0.7402 |  0.79   |  0.6379 |  6.05425e+07 | 0.6112 |      3.125e-05  | [[70.5, 28.2], [95.0, 642.3]]   |
+---------+--------+--------+-------------+----------+---------------+--------+--------+---------+---------+--------------+--------+-----------------+---------------------------------+
|      58 | 0.8655 | 0.5212 |      0.8444 |   0.3951 |        0.9809 | 0.5099 | 0.7549 |  0.7901 |  0.6413 |  4.72728e+07 | 0.6159 |      3.125e-05  | [[65.8, 12.8], [99.7, 657.7]]   |
+---------+--------+--------+-------------+----------+---------------+--------+--------+---------+---------+--------------+--------+-----------------+---------------------------------+
|      59 | 0.8657 | 0.5143 |      0.8456 |   0.3878 |        0.98   | 0.5042 | 0.7521 |  0.7968 |  0.6458 | 30.3844      | 0.6229 |      3.125e-05  | [[66.2, 13.1], [99.3, 657.4]]   |
+---------+--------+--------+-------------+----------+---------------+--------+--------+---------+---------+--------------+--------+-----------------+---------------------------------+
|      60 | 0.8518 | 0.4859 |      0.8105 |   0.3918 |        0.9612 | 0.4714 | 0.7357 |  0.7946 |  0.6409 |  7.06893e+07 | 0.6263 |      1.5625e-05 | [[67.5, 26.3], [98.0, 644.2]]   |
+---------+--------+--------+-------------+----------+---------------+--------+--------+---------+---------+--------------+--------+-----------------+---------------------------------+