+---------+--------+--------+-------------+----------+---------------+--------+--------+---------+---------+---------+--------+-----------------+---------------------------------+
|   Epoch |    acc |     f1 |   precision |   recall |   specificity |    mcc |   nmcc |   auroc |   auprc |     plr |    nlr |   learning_rate | confusion_matrix                |
+=========+========+========+=============+==========+===============+========+========+=========+=========+=========+========+=================+=================================+
|       1 | 0.7371 | 0.5927 |      0.4639 |   0.8457 |        0.707  | 0.4731 | 0.7366 |  0.8389 |  0.5186 |  2.9939 | 0.2099 |          0.0001 | [[135.1, 160.9], [24.9, 385.1]] |
+---------+--------+--------+-------------+----------+---------------+--------+--------+---------+---------+---------+--------+-----------------+---------------------------------+
|       2 | 0.7483 | 0.6196 |      0.4825 |   0.8946 |        0.7069 | 0.5164 | 0.7582 |  0.8676 |  0.5641 |  3.2653 | 0.1382 |          0.0001 | [[143.1, 161.2], [16.9, 384.8]] |
+---------+--------+--------+-------------+----------+---------------+--------+--------+---------+---------+---------+--------+-----------------+---------------------------------+
|       3 | 0.7942 | 0.6549 |      0.5338 |   0.8645 |        0.7748 | 0.5569 | 0.7785 |  0.8862 |  0.6088 |  3.9898 | 0.1706 |          0.0001 | [[138.3, 123.7], [21.7, 422.3]] |
+---------+--------+--------+-------------+----------+---------------+--------+--------+---------+---------+---------+--------+-----------------+---------------------------------+
|       4 | 0.8074 | 0.6538 |      0.5558 |   0.8129 |        0.8069 | 0.5525 | 0.7763 |  0.8908 |  0.6165 |  4.372  | 0.2259 |          0.0001 | [[130.0, 106.0], [30.0, 440.0]] |
+---------+--------+--------+-------------+----------+---------------+--------+--------+---------+---------+---------+--------+-----------------+---------------------------------+
|       5 | 0.8234 | 0.6818 |      0.5824 |   0.8364 |        0.821  | 0.5879 | 0.794  |  0.9019 |  0.6519 |  4.9834 | 0.1973 |          0.0001 | [[133.6, 98.3], [26.4, 447.7]]  |
+---------+--------+--------+-------------+----------+---------------+--------+--------+---------+---------+---------+--------+-----------------+---------------------------------+
|       6 | 0.8348 | 0.6771 |      0.6147 |   0.771  |        0.855  | 0.5813 | 0.7907 |  0.9054 |  0.66   |  5.7832 | 0.2647 |          0.0001 | [[123.0, 79.7], [37.0, 466.3]]  |
+---------+--------+--------+-------------+----------+---------------+--------+--------+---------+---------+---------+--------+-----------------+---------------------------------+
|       7 | 0.8347 | 0.6519 |      0.6334 |   0.7093 |        0.8729 | 0.5607 | 0.7804 |  0.9111 |  0.6775 |  6.3366 | 0.325  |          0.0001 | [[112.9, 69.6], [47.1, 476.4]]  |
+---------+--------+--------+-------------+----------+---------------+--------+--------+---------+---------+---------+--------+-----------------+---------------------------------+
|       8 | 0.8413 | 0.6572 |      0.653  |   0.7076 |        0.8806 | 0.5731 | 0.7865 |  0.9138 |  0.6874 |  7.0883 | 0.3226 |          0.0001 | [[113.4, 65.4], [46.6, 480.6]]  |
+---------+--------+--------+-------------+----------+---------------+--------+--------+---------+---------+---------+--------+-----------------+---------------------------------+
|       9 | 0.8571 | 0.662  |      0.7046 |   0.6555 |        0.9154 | 0.584  | 0.792  |  0.9222 |  0.7157 |  8.8465 | 0.3725 |          0.0001 | [[105.7, 46.4], [54.3, 499.6]]  |
+---------+--------+--------+-------------+----------+---------------+--------+--------+---------+---------+---------+--------+-----------------+---------------------------------+
|      10 | 0.8547 | 0.6897 |      0.6714 |   0.7236 |        0.8931 | 0.6018 | 0.8009 |  0.9257 |  0.7281 |  7.3765 | 0.3067 |          0.0001 | [[116.1, 58.7], [43.9, 487.3]]  |
+---------+--------+--------+-------------+----------+---------------+--------+--------+---------+---------+---------+--------+-----------------+---------------------------------+
|      11 | 0.8704 | 0.709  |      0.713  |   0.7086 |        0.9165 | 0.6268 | 0.8134 |  0.9309 |  0.7507 |  8.8353 | 0.3176 |          0.0001 | [[114.1, 45.6], [45.9, 500.4]]  |
+---------+--------+--------+-------------+----------+---------------+--------+--------+---------+---------+---------+--------+-----------------+---------------------------------+
|      12 | 0.8645 | 0.6863 |      0.7256 |   0.6782 |        0.9197 | 0.6122 | 0.8061 |  0.9363 |  0.7639 | 10.2239 | 0.3454 |          0.0001 | [[108.5, 44.1], [51.5, 501.9]]  |
+---------+--------+--------+-------------+----------+---------------+--------+--------+---------+---------+---------+--------+-----------------+---------------------------------+
|      13 | 0.8746 | 0.7272 |      0.7134 |   0.7476 |        0.9121 | 0.6485 | 0.8243 |  0.9396 |  0.7777 |  8.9526 | 0.2763 |          0.0001 | [[119.8, 48.3], [40.2, 497.7]]  |
+---------+--------+--------+-------------+----------+---------------+--------+--------+---------+---------+---------+--------+-----------------+---------------------------------+
|      14 | 0.8752 | 0.723  |      0.7346 |   0.7285 |        0.919  | 0.6495 | 0.8248 |  0.9411 |  0.7847 | 11.2252 | 0.2933 |          0.0001 | [[116.5, 44.6], [43.5, 501.4]]  |
+---------+--------+--------+-------------+----------+---------------+--------+--------+---------+---------+---------+--------+-----------------+---------------------------------+
|      15 | 0.8764 | 0.7377 |      0.7051 |   0.7786 |        0.9031 | 0.6603 | 0.8302 |  0.9417 |  0.7847 |  8.3442 | 0.2435 |          0.0001 | [[125.4, 52.6], [34.6, 493.4]]  |
+---------+--------+--------+-------------+----------+---------------+--------+--------+---------+---------+---------+--------+-----------------+---------------------------------+
|      16 | 0.8714 | 0.7141 |      0.7368 |   0.7201 |        0.917  | 0.6433 | 0.8216 |  0.9445 |  0.7881 | 11.9269 | 0.3    |          0.0001 | [[114.8, 45.6], [45.2, 500.4]]  |
+---------+--------+--------+-------------+----------+---------------+--------+--------+---------+---------+---------+--------+-----------------+---------------------------------+
|      17 | 0.8823 | 0.7214 |      0.7753 |   0.6848 |        0.9409 | 0.6538 | 0.8269 |  0.9463 |  0.8025 | 12.6657 | 0.3335 |          0.0001 | [[109.5, 32.6], [50.5, 513.4]]  |
+---------+--------+--------+-------------+----------+---------------+--------+--------+---------+---------+---------+--------+-----------------+---------------------------------+
|      18 | 0.8907 | 0.7535 |      0.767  |   0.7495 |        0.9315 | 0.6871 | 0.8436 |  0.9498 |  0.8126 | 12.308  | 0.2673 |          0.0001 | [[120.4, 37.5], [39.6, 508.5]]  |
+---------+--------+--------+-------------+----------+---------------+--------+--------+---------+---------+---------+--------+-----------------+---------------------------------+
|      19 | 0.883  | 0.7097 |      0.7969 |   0.6763 |        0.9447 | 0.6561 | 0.828  |  0.948  |  0.8093 | 19.8542 | 0.3385 |          0.0001 | [[108.2, 30.7], [51.8, 515.3]]  |
+---------+--------+--------+-------------+----------+---------------+--------+--------+---------+---------+---------+--------+-----------------+---------------------------------+
|      20 | 0.8795 | 0.7185 |      0.7597 |   0.7097 |        0.9302 | 0.6545 | 0.8273 |  0.9473 |  0.8074 | 12.6603 | 0.3083 |          0.0001 | [[113.6, 38.6], [46.4, 507.4]]  |
+---------+--------+--------+-------------+----------+---------------+--------+--------+---------+---------+---------+--------+-----------------+---------------------------------+
|      21 | 0.8933 | 0.7458 |      0.8029 |   0.71   |        0.9466 | 0.6864 | 0.8432 |  0.951  |  0.8143 | 16.3124 | 0.3045 |          0.0001 | [[114.0, 29.4], [46.0, 516.6]]  |
+---------+--------+--------+-------------+----------+---------------+--------+--------+---------+---------+---------+--------+-----------------+---------------------------------+
|      22 | 0.89   | 0.738  |      0.7858 |   0.7099 |        0.9423 | 0.6761 | 0.838  |  0.9524 |  0.8215 | 14.2901 | 0.3058 |          0.0001 | [[113.7, 31.4], [46.3, 514.6]]  |
+---------+--------+--------+-------------+----------+---------------+--------+--------+---------+---------+---------+--------+-----------------+---------------------------------+
|      23 | 0.894  | 0.7591 |      0.7815 |   0.7504 |        0.9367 | 0.6967 | 0.8483 |  0.9559 |  0.8316 | 14.3437 | 0.2649 |          0.0001 | [[119.9, 34.9], [40.1, 511.1]]  |
+---------+--------+--------+-------------+----------+---------------+--------+--------+---------+---------+---------+--------+-----------------+---------------------------------+
|      24 | 0.8925 | 0.7552 |      0.7774 |   0.7454 |        0.9364 | 0.6913 | 0.8457 |  0.9532 |  0.8283 | 13.4135 | 0.2706 |          0.0001 | [[119.2, 35.0], [40.8, 511.0]]  |
+---------+--------+--------+-------------+----------+---------------+--------+--------+---------+---------+---------+--------+-----------------+---------------------------------+
|      25 | 0.8884 | 0.723  |      0.8194 |   0.6601 |        0.9562 | 0.6664 | 0.8332 |  0.955  |  0.8329 | 19.1653 | 0.354  |          0.0001 | [[105.6, 24.3], [54.4, 521.7]]  |
+---------+--------+--------+-------------+----------+---------------+--------+--------+---------+---------+---------+--------+-----------------+---------------------------------+
|      26 | 0.8912 | 0.7513 |      0.7888 |   0.7451 |        0.9368 | 0.6943 | 0.8472 |  0.9574 |  0.8402 | 17.0309 | 0.2689 |          0.0001 | [[118.1, 35.2], [41.9, 510.8]]  |
+---------+--------+--------+-------------+----------+---------------+--------+--------+---------+---------+---------+--------+-----------------+---------------------------------+
|      27 | 0.8981 | 0.77   |      0.781  |   0.7674 |        0.936  | 0.7078 | 0.8539 |  0.9564 |  0.8375 | 12.9555 | 0.2472 |          0.0001 | [[123.2, 35.1], [36.8, 510.9]]  |
+---------+--------+--------+-------------+----------+---------------+--------+--------+---------+---------+---------+--------+-----------------+---------------------------------+
|      28 | 0.8938 | 0.7432 |      0.822  |   0.6921 |        0.9539 | 0.6871 | 0.8436 |  0.9559 |  0.8407 | 20.0311 | 0.321  |          0.0001 | [[110.6, 25.6], [49.4, 520.4]]  |
+---------+--------+--------+-------------+----------+---------------+--------+--------+---------+---------+---------+--------+-----------------+---------------------------------+
|      29 | 0.8842 | 0.7418 |      0.7719 |   0.7414 |        0.9284 | 0.68   | 0.84   |  0.9552 |  0.8368 | 15.1359 | 0.2738 |          0.0001 | [[118.0, 40.0], [42.0, 506.0]]  |
+---------+--------+--------+-------------+----------+---------------+--------+--------+---------+---------+---------+--------+-----------------+---------------------------------+
|      30 | 0.8881 | 0.7355 |      0.7922 |   0.7212 |        0.9371 | 0.6807 | 0.8404 |  0.9549 |  0.8387 | 18.5301 | 0.2921 |          0.0001 | [[115.7, 34.7], [44.3, 511.3]]  |
+---------+--------+--------+-------------+----------+---------------+--------+--------+---------+---------+---------+--------+-----------------+---------------------------------+
|      31 | 0.898  | 0.7707 |      0.7857 |   0.7685 |        0.9368 | 0.7104 | 0.8552 |  0.9593 |  0.8526 | 14.7194 | 0.2456 |          0.0001 | [[122.9, 35.0], [37.1, 511.0]]  |
+---------+--------+--------+-------------+----------+---------------+--------+--------+---------+---------+---------+--------+-----------------+---------------------------------+
|      32 | 0.8908 | 0.7456 |      0.7905 |   0.731  |        0.9388 | 0.6876 | 0.8438 |  0.9563 |  0.8389 | 20.1134 | 0.2834 |          0.0001 | [[116.8, 33.9], [43.2, 512.1]]  |
+---------+--------+--------+-------------+----------+---------------+--------+--------+---------+---------+---------+--------+-----------------+---------------------------------+
|      33 | 0.8953 | 0.7491 |      0.8175 |   0.7073 |        0.9517 | 0.6936 | 0.8468 |  0.9586 |  0.8523 | 20.082  | 0.3053 |          0.0001 | [[112.7, 26.7], [47.3, 519.3]]  |
+---------+--------+--------+-------------+----------+---------------+--------+--------+---------+---------+---------+--------+-----------------+---------------------------------+
|      34 | 0.9059 | 0.787  |      0.8028 |   0.7803 |        0.943  | 0.7302 | 0.8651 |  0.9612 |  0.8551 | 15.58   | 0.2319 |          0.0001 | [[124.9, 31.4], [35.1, 514.6]]  |
+---------+--------+--------+-------------+----------+---------------+--------+--------+---------+---------+---------+--------+-----------------+---------------------------------+
|      35 | 0.8934 | 0.7525 |      0.7899 |   0.7527 |        0.9355 | 0.6988 | 0.8494 |  0.9602 |  0.8556 | 17.5793 | 0.2596 |          0.0001 | [[120.1, 35.3], [39.9, 510.7]]  |
+---------+--------+--------+-------------+----------+---------------+--------+--------+---------+---------+---------+--------+-----------------+---------------------------------+
|      36 | 0.9011 | 0.7782 |      0.7962 |   0.7796 |        0.9377 | 0.7224 | 0.8612 |  0.9613 |  0.8584 | 17.9028 | 0.2324 |          0.0001 | [[124.5, 34.4], [35.5, 511.6]]  |
+---------+--------+--------+-------------+----------+---------------+--------+--------+---------+---------+---------+--------+-----------------+---------------------------------+
|      37 | 0.8859 | 0.7451 |      0.7758 |   0.7447 |        0.9276 | 0.6846 | 0.8423 |  0.9569 |  0.8469 | 15.619  | 0.2688 |          0.0001 | [[119.0, 39.4], [41.0, 506.6]]  |
+---------+--------+--------+-------------+----------+---------------+--------+--------+---------+---------+---------+--------+-----------------+---------------------------------+
|      38 | 0.901  | 0.7777 |      0.7902 |   0.7765 |        0.9383 | 0.7188 | 0.8594 |  0.9609 |  0.8559 | 13.9031 | 0.2366 |          0.0001 | [[124.0, 34.0], [36.0, 512.0]]  |
+---------+--------+--------+-------------+----------+---------------+--------+--------+---------+---------+---------+--------+-----------------+---------------------------------+
|      39 | 0.8905 | 0.7281 |      0.8134 |   0.6975 |        0.9472 | 0.6794 | 0.8397 |  0.961  |  0.8606 | 18.3356 | 0.3141 |          0.0001 | [[111.5, 28.7], [48.5, 517.3]]  |
+---------+--------+--------+-------------+----------+---------------+--------+--------+---------+---------+---------+--------+-----------------+---------------------------------+
|      40 | 0.8925 | 0.7419 |      0.8172 |   0.7124 |        0.9474 | 0.6919 | 0.8459 |  0.9601 |  0.8588 | 22.6855 | 0.2985 |          0.0001 | [[113.5, 29.3], [46.5, 516.7]]  |
+---------+--------+--------+-------------+----------+---------------+--------+--------+---------+---------+---------+--------+-----------------+---------------------------------+
|      41 | 0.9029 | 0.7859 |      0.7825 |   0.7986 |        0.9331 | 0.7269 | 0.8634 |  0.9622 |  0.8667 | 13.179  | 0.2142 |          0.0001 | [[127.7, 36.3], [32.3, 509.7]]  |
+---------+--------+--------+-------------+----------+---------------+--------+--------+---------+---------+---------+--------+-----------------+---------------------------------+
|      42 | 0.8994 | 0.773  |      0.7912 |   0.7694 |        0.937  | 0.7142 | 0.8571 |  0.9604 |  0.8598 | 15.9513 | 0.2436 |          0.0001 | [[123.2, 34.2], [36.8, 511.8]]  |
+---------+--------+--------+-------------+----------+---------------+--------+--------+---------+---------+---------+--------+-----------------+---------------------------------+
|      43 | 0.8988 | 0.7628 |      0.8102 |   0.7477 |        0.9429 | 0.7108 | 0.8554 |  0.9604 |  0.8637 | 22.2491 | 0.2634 |          0.0001 | [[120.2, 31.6], [39.8, 514.4]]  |
+---------+--------+--------+-------------+----------+---------------+--------+--------+---------+---------+---------+--------+-----------------+---------------------------------+
|      44 | 0.8965 | 0.7666 |      0.7863 |   0.7701 |        0.9356 | 0.7098 | 0.8549 |  0.961  |  0.8584 | 14.7293 | 0.2428 |          0.0001 | [[122.5, 35.7], [37.5, 510.3]]  |
+---------+--------+--------+-------------+----------+---------------+--------+--------+---------+---------+---------+--------+-----------------+---------------------------------+
|      45 | 0.9031 | 0.7722 |      0.8237 |   0.7464 |        0.9489 | 0.7205 | 0.8603 |  0.9628 |  0.8698 | 20.5706 | 0.2645 |          0.0001 | [[119.7, 28.2], [40.3, 517.8]]  |
+---------+--------+--------+-------------+----------+---------------+--------+--------+---------+---------+---------+--------+-----------------+---------------------------------+
|      46 | 0.904  | 0.7804 |      0.8078 |   0.7609 |        0.9464 | 0.7222 | 0.8611 |  0.9629 |  0.8666 | 16.1519 | 0.2521 |          0.0001 | [[121.8, 29.6], [38.2, 516.4]]  |
+---------+--------+--------+-------------+----------+---------------+--------+--------+---------+---------+---------+--------+-----------------+---------------------------------+
|      47 | 0.8944 | 0.7434 |      0.8246 |   0.694  |        0.9545 | 0.6897 | 0.8448 |  0.9614 |  0.8612 | 21.6389 | 0.3182 |          0.0001 | [[110.5, 25.2], [49.5, 520.8]]  |
+---------+--------+--------+-------------+----------+---------------+--------+--------+---------+---------+---------+--------+-----------------+---------------------------------+
|      48 | 0.8909 | 0.726  |      0.8315 |   0.6719 |        0.9565 | 0.6769 | 0.8385 |  0.961  |  0.859  | 25.0215 | 0.3401 |          0.0001 | [[107.2, 24.0], [52.8, 522.0]]  |
+---------+--------+--------+-------------+----------+---------------+--------+--------+---------+---------+---------+--------+-----------------+---------------------------------+
|      49 | 0.9049 | 0.7827 |      0.8036 |   0.7764 |        0.9413 | 0.7275 | 0.8637 |  0.9608 |  0.8609 | 15.8524 | 0.235  |          0.0001 | [[124.8, 32.0], [35.2, 514.0]]  |
+---------+--------+--------+-------------+----------+---------------+--------+--------+---------+---------+---------+--------+-----------------+---------------------------------+
|      50 | 0.8982 | 0.7528 |      0.822  |   0.704  |        0.9553 | 0.6967 | 0.8483 |  0.9616 |  0.86   | 16.9152 | 0.309  |          0.0001 | [[112.5, 24.5], [47.5, 521.5]]  |
+---------+--------+--------+-------------+----------+---------------+--------+--------+---------+---------+---------+--------+-----------------+---------------------------------+
|      51 | 0.9046 | 0.7847 |      0.7925 |   0.7865 |        0.9382 | 0.727  | 0.8635 |  0.9635 |  0.8693 | 13.8743 | 0.2261 |          0.0001 | [[126.2, 33.6], [33.8, 512.4]]  |
+---------+--------+--------+-------------+----------+---------------+--------+--------+---------+---------+---------+--------+-----------------+---------------------------------+
|      52 | 0.8985 | 0.7505 |      0.8313 |   0.6971 |        0.9578 | 0.6976 | 0.8488 |  0.963  |  0.8643 | 18.5523 | 0.315  |          0.0001 | [[111.4, 23.1], [48.6, 522.9]]  |
+---------+--------+--------+-------------+----------+---------------+--------+--------+---------+---------+---------+--------+-----------------+---------------------------------+
|      53 | 0.8862 | 0.7354 |      0.7816 |   0.7377 |        0.932  | 0.6822 | 0.8411 |  0.9594 |  0.8555 | 15.4611 | 0.2749 |          0.0001 | [[117.4, 38.1], [42.6, 507.9]]  |
+---------+--------+--------+-------------+----------+---------------+--------+--------+---------+---------+---------+--------+-----------------+---------------------------------+
|      54 | 0.9008 | 0.7662 |      0.8229 |   0.7413 |        0.9494 | 0.7156 | 0.8578 |  0.9639 |  0.8731 | 20.388  | 0.2695 |          0.0001 | [[118.0, 28.2], [42.0, 517.8]]  |
+---------+--------+--------+-------------+----------+---------------+--------+--------+---------+---------+---------+--------+-----------------+---------------------------------+
|      55 | 0.8938 | 0.7511 |      0.8161 |   0.7227 |        0.9456 | 0.6987 | 0.8494 |  0.9643 |  0.872  | 20.7892 | 0.2881 |          0.0001 | [[115.2, 30.1], [44.8, 515.9]]  |
+---------+--------+--------+-------------+----------+---------------+--------+--------+---------+---------+---------+--------+-----------------+---------------------------------+
|      56 | 0.8961 | 0.7416 |      0.8412 |   0.6837 |        0.9588 | 0.6924 | 0.8462 |  0.9626 |  0.8711 | 24.6125 | 0.3272 |          0.0001 | [[109.5, 22.8], [50.5, 523.2]]  |
+---------+--------+--------+-------------+----------+---------------+--------+--------+---------+---------+---------+--------+-----------------+---------------------------------+
|      57 | 0.8989 | 0.7783 |      0.786  |   0.7937 |        0.9309 | 0.7229 | 0.8614 |  0.9635 |  0.8712 | 15.4503 | 0.2176 |          0.0001 | [[126.7, 38.3], [33.3, 507.7]]  |
+---------+--------+--------+-------------+----------+---------------+--------+--------+---------+---------+---------+--------+-----------------+---------------------------------+
|      58 | 0.9017 | 0.7709 |      0.8091 |   0.7508 |        0.9462 | 0.7154 | 0.8577 |  0.9625 |  0.8699 | 16.1138 | 0.2613 |          0.0001 | [[120.2, 29.6], [39.8, 516.4]]  |
+---------+--------+--------+-------------+----------+---------------+--------+--------+---------+---------+---------+--------+-----------------+---------------------------------+
|      59 | 0.903  | 0.7705 |      0.8021 |   0.766  |        0.9406 | 0.7188 | 0.8594 |  0.9629 |  0.8684 | 15.2902 | 0.2452 |          0.0001 | [[123.5, 32.1], [36.5, 513.9]]  |
+---------+--------+--------+-------------+----------+---------------+--------+--------+---------+---------+---------+--------+-----------------+---------------------------------+
|      60 | 0.9047 | 0.7877 |      0.7951 |   0.7889 |        0.9379 | 0.7296 | 0.8648 |  0.9614 |  0.8643 | 15.3321 | 0.2239 |          0.0001 | [[126.6, 34.0], [33.4, 512.0]]  |
+---------+--------+--------+-------------+----------+---------------+--------+--------+---------+---------+---------+--------+-----------------+---------------------------------+