+---------+--------+--------+-------------+----------+---------------+--------+--------+---------+---------+------------------+--------+-----------------+-------------------------------+
|   Epoch |    acc |     f1 |   precision |   recall |   specificity |    mcc |   nmcc |   auroc |   auprc |              plr |    nlr |   learning_rate | confusion_matrix              |
+=========+========+========+=============+==========+===============+========+========+=========+=========+==================+========+=================+===============================+
|       1 | 0.782  | 0.0019 |      0.1    |   0.001  |        1      | 0.0686 | 0.5343 |  0.639  |  0.3731 | 961538           | 0.999  |      0.001      | [[0.1, 0.0], [100.3, 356.8]]  |
+---------+--------+--------+-------------+----------+---------------+--------+--------+---------+---------+------------------+--------+-----------------+-------------------------------+
|       2 | 0.7526 | 0.0352 |      0.1225 |   0.0675 |        0.9496 | 0.0733 | 0.5367 |  0.624  |  0.3821 | 800000           | 0.9664 |      0.001      | [[5.5, 18.6], [94.9, 338.2]]  |
+---------+--------+--------+-------------+----------+---------------+--------+--------+---------+---------+------------------+--------+-----------------+-------------------------------+
|       3 | 0.7425 | 0.103  |      0.2952 |   0.1376 |        0.9222 | 0.105  | 0.5525 |  0.6234 |  0.3899 |      3.15765e+06 | 0.9059 |      0.001      | [[11.3, 29.2], [89.1, 327.6]] |
+---------+--------+--------+-------------+----------+---------------+--------+--------+---------+---------+------------------+--------+-----------------+-------------------------------+
|       4 | 0.7823 | 0.0069 |      0.3    |   0.0035 |        0.9997 | 0.0659 | 0.533  |  0.6502 |  0.4035 |      3.51392e+06 | 0.9968 |      0.001      | [[0.4, 0.1], [100.0, 356.7]]  |
+---------+--------+--------+-------------+----------+---------------+--------+--------+---------+---------+------------------+--------+-----------------+-------------------------------+
|       5 | 0.7686 | 0.0578 |      0.0873 |   0.068  |        0.9605 | 0.0781 | 0.5391 |  0.6713 |  0.4441 |      0.4944      | 0.9579 |      0.001      | [[7.3, 12.9], [93.1, 343.9]]  |
+---------+--------+--------+-------------+----------+---------------+--------+--------+---------+---------+------------------+--------+-----------------+-------------------------------+
|       6 | 0.7954 | 0.1373 |      0.5875 |   0.0802 |        0.9947 | 0.1948 | 0.5974 |  0.682  |  0.4519 |      2.85715e+06 | 0.9244 |      0.001      | [[8.0, 1.8], [92.4, 355.0]]   |
+---------+--------+--------+-------------+----------+---------------+--------+--------+---------+---------+------------------+--------+-----------------+-------------------------------+
|       7 | 0.7763 | 0.1659 |      0.6288 |   0.1445 |        0.9565 | 0.1911 | 0.5956 |  0.6906 |  0.5005 |      1.37384e+07 | 0.8813 |      0.001      | [[12.8, 13.7], [87.6, 343.1]] |
+---------+--------+--------+-------------+----------+---------------+--------+--------+---------+---------+------------------+--------+-----------------+-------------------------------+
|       8 | 0.754  | 0.245  |      0.4724 |   0.278  |        0.8918 | 0.2294 | 0.6147 |  0.7072 |  0.5308 |      1.06684e+07 | 0.7758 |      0.001      | [[25.0, 36.8], [75.4, 320.0]] |
+---------+--------+--------+-------------+----------+---------------+--------+--------+---------+---------+------------------+--------+-----------------+-------------------------------+
|       9 | 0.7898 | 0.0757 |      0.7    |   0.0413 |        1      | 0.161  | 0.5805 |  0.7079 |  0.5259 |      4.13156e+07 | 0.9587 |      0.001      | [[3.7, 0.0], [96.7, 356.8]]   |
+---------+--------+--------+-------------+----------+---------------+--------+--------+---------+---------+------------------+--------+-----------------+-------------------------------+
|      10 | 0.7689 | 0.2403 |      0.6416 |   0.2396 |        0.9159 | 0.252  | 0.626  |  0.7181 |  0.5578 |      2.71071e+07 | 0.7979 |      0.0005     | [[22.2, 27.1], [78.2, 329.7]] |
+---------+--------+--------+-------------+----------+---------------+--------+--------+---------+---------+------------------+--------+-----------------+-------------------------------+
|      11 | 0.7992 | 0.2552 |      0.7956 |   0.1978 |        0.9716 | 0.2898 | 0.6449 |  0.7283 |  0.5783 |      7.46813e+07 | 0.8157 |      0.0005     | [[18.2, 10.5], [82.2, 346.3]] |
+---------+--------+--------+-------------+----------+---------------+--------+--------+---------+---------+------------------+--------+-----------------+-------------------------------+
|      12 | 0.8153 | 0.3733 |      0.8181 |   0.3112 |        0.9654 | 0.3693 | 0.6846 |  0.7309 |  0.5839 |      5.19582e+07 | 0.7073 |      0.0005     | [[26.9, 12.0], [73.5, 344.8]] |
+---------+--------+--------+-------------+----------+---------------+--------+--------+---------+---------+------------------+--------+-----------------+-------------------------------+
|      13 | 0.8052 | 0.2117 |      0.7457 |   0.1393 |        0.9952 | 0.2646 | 0.6323 |  0.7414 |  0.5886 |      2.76316e+07 | 0.864  |      0.0005     | [[11.8, 1.6], [88.6, 355.2]]  |
+---------+--------+--------+-------------+----------+---------------+--------+--------+---------+---------+------------------+--------+-----------------+-------------------------------+
|      14 | 0.8147 | 0.3378 |      0.8883 |   0.2403 |        0.9773 | 0.3597 | 0.6799 |  0.7468 |  0.6026 |      8.33722e+07 | 0.7753 |      0.0005     | [[23.4, 8.8], [77.0, 348.0]]  |
+---------+--------+--------+-------------+----------+---------------+--------+--------+---------+---------+------------------+--------+-----------------+-------------------------------+
|      15 | 0.8163 | 0.3349 |      0.7679 |   0.2642 |        0.9688 | 0.3504 | 0.6752 |  0.7416 |  0.6044 |      3.26557e+07 | 0.752  |      0.0005     | [[27.0, 11.6], [73.4, 345.2]] |
+---------+--------+--------+-------------+----------+---------------+--------+--------+---------+---------+------------------+--------+-----------------+-------------------------------+
|      16 | 0.8284 | 0.3499 |      0.9265 |   0.2397 |        0.9921 | 0.3774 | 0.6887 |  0.7436 |  0.6041 |      7.67235e+07 | 0.7659 |      0.0005     | [[23.8, 2.8], [76.6, 354.0]]  |
+---------+--------+--------+-------------+----------+---------------+--------+--------+---------+---------+------------------+--------+-----------------+-------------------------------+
|      17 | 0.7874 | 0.285  |      0.8187 |   0.2637 |        0.9462 | 0.3069 | 0.6535 |  0.747  |  0.6082 |      4.87615e+07 | 0.7613 |      0.0005     | [[22.9, 21.0], [77.5, 335.8]] |
+---------+--------+--------+-------------+----------+---------------+--------+--------+---------+---------+------------------+--------+-----------------+-------------------------------+
|      18 | 0.8106 | 0.3186 |      0.8764 |   0.2325 |        0.9704 | 0.3414 | 0.6707 |  0.7533 |  0.5969 |      5.23745e+07 | 0.7866 |      0.0005     | [[23.8, 10.7], [76.6, 346.1]] |
+---------+--------+--------+-------------+----------+---------------+--------+--------+---------+---------+------------------+--------+-----------------+-------------------------------+
|      19 | 0.8017 | 0.4085 |      0.8453 |   0.3539 |        0.9379 | 0.4085 | 0.7042 |  0.746  |  0.6086 |      6.57123e+07 | 0.6767 |      0.0005     | [[32.4, 25.5], [68.0, 331.3]] |
+---------+--------+--------+-------------+----------+---------------+--------+--------+---------+---------+------------------+--------+-----------------+-------------------------------+
|      20 | 0.8063 | 0.3657 |      0.7966 |   0.3013 |        0.9556 | 0.3686 | 0.6843 |  0.7486 |  0.6151 |      3.37832e+07 | 0.7219 |      0.00025    | [[27.1, 16.1], [73.3, 340.7]] |
+---------+--------+--------+-------------+----------+---------------+--------+--------+---------+---------+------------------+--------+-----------------+-------------------------------+
|      21 | 0.8334 | 0.4183 |      0.9092 |   0.306  |        0.9888 | 0.4435 | 0.7217 |  0.7537 |  0.6218 |      3.02263e+07 | 0.7002 |      0.00025    | [[27.0, 3.9], [73.4, 352.9]]  |
+---------+--------+--------+-------------+----------+---------------+--------+--------+---------+---------+------------------+--------+-----------------+-------------------------------+
|      22 | 0.8004 | 0.4236 |      0.7995 |   0.3668 |        0.9218 | 0.4017 | 0.7008 |  0.7506 |  0.6179 |      3.70462e+07 | 0.6736 |      0.00025    | [[36.4, 27.9], [64.0, 328.9]] |
+---------+--------+--------+-------------+----------+---------------+--------+--------+---------+---------+------------------+--------+-----------------+-------------------------------+
|      23 | 0.8061 | 0.4781 |      0.7113 |   0.4195 |        0.9236 | 0.4246 | 0.7123 |  0.7529 |  0.626  |      1.25e+07    | 0.6203 |      0.00025    | [[38.6, 27.9], [61.8, 328.9]] |
+---------+--------+--------+-------------+----------+---------------+--------+--------+---------+---------+------------------+--------+-----------------+-------------------------------+
|      24 | 0.8283 | 0.4611 |      0.7599 |   0.3606 |        0.9659 | 0.4333 | 0.7166 |  0.7538 |  0.6221 |      2.89474e+07 | 0.6594 |      0.00025    | [[33.5, 12.6], [66.9, 344.2]] |
+---------+--------+--------+-------------+----------+---------------+--------+--------+---------+---------+------------------+--------+-----------------+-------------------------------+
|      25 | 0.8268 | 0.4653 |      0.7919 |   0.3707 |        0.954  | 0.4375 | 0.7188 |  0.7562 |  0.6258 |      6.59613e+07 | 0.6568 |      0.00025    | [[35.8, 15.4], [64.6, 341.4]] |
+---------+--------+--------+-------------+----------+---------------+--------+--------+---------+---------+------------------+--------+-----------------+-------------------------------+
|      26 | 0.8409 | 0.4926 |      0.8056 |   0.379  |        0.9749 | 0.4711 | 0.7356 |  0.7537 |  0.6276 |      2.19048e+07 | 0.6361 |      0.00025    | [[35.9, 9.2], [64.5, 347.6]]  |
+---------+--------+--------+-------------+----------+---------------+--------+--------+---------+---------+------------------+--------+-----------------+-------------------------------+
|      27 | 0.8274 | 0.4657 |      0.834  |   0.3562 |        0.9616 | 0.448  | 0.724  |  0.7554 |  0.6273 |      4.12684e+07 | 0.6701 |      0.00025    | [[34.2, 13.5], [66.2, 343.3]] |
+---------+--------+--------+-------------+----------+---------------+--------+--------+---------+---------+------------------+--------+-----------------+-------------------------------+
|      28 | 0.7904 | 0.4412 |      0.7674 |   0.3963 |        0.9022 | 0.4004 | 0.7002 |  0.7553 |  0.6227 |      1.1482e+08  | 0.6772 |      0.00025    | [[38.8, 36.6], [61.6, 320.2]] |
+---------+--------+--------+-------------+----------+---------------+--------+--------+---------+---------+------------------+--------+-----------------+-------------------------------+
|      29 | 0.8153 | 0.4356 |      0.7758 |   0.3579 |        0.9524 | 0.4181 | 0.709  |  0.7509 |  0.6199 |      4.08737e+07 | 0.6659 |      0.00025    | [[32.3, 17.3], [68.1, 339.5]] |
+---------+--------+--------+-------------+----------+---------------+--------+--------+---------+---------+------------------+--------+-----------------+-------------------------------+
|      30 | 0.8206 | 0.4732 |      0.795  |   0.3697 |        0.9392 | 0.4328 | 0.7164 |  0.748  |  0.6146 |      5.14747e+07 | 0.6716 |      0.000125   | [[38.5, 21.6], [61.9, 335.2]] |
+---------+--------+--------+-------------+----------+---------------+--------+--------+---------+---------+------------------+--------+-----------------+-------------------------------+
|      31 | 0.8331 | 0.481  |      0.8115 |   0.3718 |        0.964  | 0.4599 | 0.73   |  0.757  |  0.6273 |      3.02632e+07 | 0.6473 |      0.000125   | [[36.1, 13.2], [64.3, 343.6]] |
+---------+--------+--------+-------------+----------+---------------+--------+--------+---------+---------+------------------+--------+-----------------+-------------------------------+
|      32 | 0.8321 | 0.4723 |      0.7945 |   0.3657 |        0.9666 | 0.4471 | 0.7236 |  0.7591 |  0.6272 |     28.5276      | 0.6539 |      0.000125   | [[34.8, 11.7], [65.6, 345.1]] |
+---------+--------+--------+-------------+----------+---------------+--------+--------+---------+---------+------------------+--------+-----------------+-------------------------------+
|      33 | 0.8224 | 0.4932 |      0.7131 |   0.417  |        0.9366 | 0.4342 | 0.7171 |  0.7552 |  0.6279 |     23.7721      | 0.6204 |      0.000125   | [[40.9, 22.4], [59.5, 334.4]] |
+---------+--------+--------+-------------+----------+---------------+--------+--------+---------+---------+------------------+--------+-----------------+-------------------------------+
|      34 | 0.8269 | 0.4773 |      0.7832 |   0.3793 |        0.9573 | 0.4512 | 0.7256 |  0.7583 |  0.6274 |      2.48e+07    | 0.6418 |      0.000125   | [[36.1, 15.5], [64.3, 341.3]] |
+---------+--------+--------+-------------+----------+---------------+--------+--------+---------+---------+------------------+--------+-----------------+-------------------------------+
|      35 | 0.8359 | 0.4346 |      0.8449 |   0.3089 |        0.983  | 0.4353 | 0.7176 |  0.754  |  0.6195 |      4.71429e+07 | 0.7025 |      0.000125   | [[30.4, 5.9], [70.0, 350.9]]  |
+---------+--------+--------+-------------+----------+---------------+--------+--------+---------+---------+------------------+--------+-----------------+-------------------------------+
|      36 | 0.8314 | 0.5069 |      0.7235 |   0.4266 |        0.946  | 0.4535 | 0.7267 |  0.7564 |  0.6287 |     22.9048      | 0.6031 |      0.000125   | [[41.9, 19.3], [58.5, 337.5]] |
+---------+--------+--------+-------------+----------+---------------+--------+--------+---------+---------+------------------+--------+-----------------+-------------------------------+
|      37 | 0.8313 | 0.4921 |      0.7295 |   0.401  |        0.9547 | 0.4424 | 0.7212 |  0.7556 |  0.6247 |      1.39785e+07 | 0.6263 |      0.000125   | [[38.7, 16.3], [61.7, 340.5]] |
+---------+--------+--------+-------------+----------+---------------+--------+--------+---------+---------+------------------+--------+-----------------+-------------------------------+
|      38 | 0.8116 | 0.4926 |      0.709  |   0.41   |        0.9259 | 0.4257 | 0.7128 |  0.7546 |  0.6181 |     53.2151      | 0.6387 |      0.000125   | [[40.5, 27.9], [59.9, 328.9]] |
+---------+--------+--------+-------------+----------+---------------+--------+--------+---------+---------+------------------+--------+-----------------+-------------------------------+
|      39 | 0.8355 | 0.4988 |      0.7566 |   0.3864 |        0.9614 | 0.4535 | 0.7267 |  0.7589 |  0.624  |     23.0518      | 0.6381 |      0.000125   | [[38.1, 13.7], [62.3, 343.1]] |
+---------+--------+--------+-------------+----------+---------------+--------+--------+---------+---------+------------------+--------+-----------------+-------------------------------+
|      40 | 0.831  | 0.5254 |      0.7125 |   0.4403 |        0.9444 | 0.4611 | 0.7306 |  0.7541 |  0.6241 |     20.7782      | 0.5934 |      6.25e-05   | [[42.4, 20.2], [58.0, 336.6]] |
+---------+--------+--------+-------------+----------+---------------+--------+--------+---------+---------+------------------+--------+-----------------+-------------------------------+
|      41 | 0.8388 | 0.5108 |      0.7716 |   0.3912 |        0.9654 | 0.4671 | 0.7336 |  0.7563 |  0.6227 |     34.9157      | 0.6317 |      6.25e-05   | [[38.0, 12.0], [62.4, 344.8]] |
+---------+--------+--------+-------------+----------+---------------+--------+--------+---------+---------+------------------+--------+-----------------+-------------------------------+
|      42 | 0.832  | 0.5083 |      0.7213 |   0.4146 |        0.9527 | 0.4529 | 0.7265 |  0.7564 |  0.6249 |     17.4661      | 0.6136 |      6.25e-05   | [[39.8, 16.9], [60.6, 339.9]] |
+---------+--------+--------+-------------+----------+---------------+--------+--------+---------+---------+------------------+--------+-----------------+-------------------------------+
|      43 | 0.8338 | 0.5076 |      0.7385 |   0.398  |        0.9559 | 0.4519 | 0.726  |  0.7562 |  0.623  |     18.0566      | 0.632  |      6.25e-05   | [[39.1, 15.5], [61.3, 341.3]] |
+---------+--------+--------+-------------+----------+---------------+--------+--------+---------+---------+------------------+--------+-----------------+-------------------------------+
|      44 | 0.8413 | 0.4958 |      0.8136 |   0.3728 |        0.9728 | 0.4711 | 0.7356 |  0.7595 |  0.624  |     24.9103      | 0.6444 |      6.25e-05   | [[36.4, 9.2], [64.0, 347.6]]  |
+---------+--------+--------+-------------+----------+---------------+--------+--------+---------+---------+------------------+--------+-----------------+-------------------------------+
|      45 | 0.836  | 0.4724 |      0.8017 |   0.3451 |        0.9765 | 0.4504 | 0.7252 |  0.7585 |  0.6211 |      3.75e+07    | 0.671  |      6.25e-05   | [[33.1, 8.5], [67.3, 348.3]]  |
+---------+--------+--------+-------------+----------+---------------+--------+--------+---------+---------+------------------+--------+-----------------+-------------------------------+
|      46 | 0.8327 | 0.4967 |      0.7465 |   0.388  |        0.9593 | 0.4494 | 0.7247 |  0.7549 |  0.6206 |     21.9612      | 0.6379 |      6.25e-05   | [[37.9, 14.7], [62.5, 342.1]] |
+---------+--------+--------+-------------+----------+---------------+--------+--------+---------+---------+------------------+--------+-----------------+-------------------------------+
|      47 | 0.828  | 0.5078 |      0.7031 |   0.4109 |        0.9453 | 0.4406 | 0.7203 |  0.7561 |  0.6224 |     13.9867      | 0.625  |      6.25e-05   | [[40.5, 19.4], [59.9, 337.4]] |
+---------+--------+--------+-------------+----------+---------------+--------+--------+---------+---------+------------------+--------+-----------------+-------------------------------+
|      48 | 0.8313 | 0.5146 |      0.6942 |   0.4242 |        0.946  | 0.4462 | 0.7231 |  0.7554 |  0.6217 |     11.5017      | 0.6087 |      6.25e-05   | [[41.9, 19.3], [58.5, 337.5]] |
+---------+--------+--------+-------------+----------+---------------+--------+--------+---------+---------+------------------+--------+-----------------+-------------------------------+
|      49 | 0.8346 | 0.4979 |      0.7603 |   0.3817 |        0.9632 | 0.4532 | 0.7266 |  0.7553 |  0.6194 |     29.7179      | 0.643  |      6.25e-05   | [[37.2, 13.1], [63.2, 343.7]] |
+---------+--------+--------+-------------+----------+---------------+--------+--------+---------+---------+------------------+--------+-----------------+-------------------------------+
|      50 | 0.8387 | 0.5104 |      0.758  |   0.3911 |        0.9665 | 0.4639 | 0.7319 |  0.7561 |  0.6231 |     25.8457      | 0.6312 |      3.125e-05  | [[37.8, 11.9], [62.6, 344.9]] |
+---------+--------+--------+-------------+----------+---------------+--------+--------+---------+---------+------------------+--------+-----------------+-------------------------------+
|      51 | 0.8333 | 0.5114 |      0.7241 |   0.406  |        0.9548 | 0.4518 | 0.7259 |  0.756  |  0.6222 |     15.6005      | 0.6238 |      3.125e-05  | [[39.5, 16.1], [60.9, 340.7]] |
+---------+--------+--------+-------------+----------+---------------+--------+--------+---------+---------+------------------+--------+-----------------+-------------------------------+
|      52 | 0.8305 | 0.4956 |      0.7271 |   0.3958 |        0.9545 | 0.4428 | 0.7214 |  0.757  |  0.6228 |     24.9448      | 0.6329 |      3.125e-05  | [[38.4, 16.1], [62.0, 340.7]] |
+---------+--------+--------+-------------+----------+---------------+--------+--------+---------+---------+------------------+--------+-----------------+-------------------------------+
|      53 | 0.8314 | 0.4981 |      0.7363 |   0.3934 |        0.9565 | 0.4465 | 0.7232 |  0.7556 |  0.6219 |     26.4789      | 0.6351 |      3.125e-05  | [[38.0, 15.4], [62.4, 341.4]] |
+---------+--------+--------+-------------+----------+---------------+--------+--------+---------+---------+------------------+--------+-----------------+-------------------------------+
|      54 | 0.8311 | 0.5044 |      0.7252 |   0.411  |        0.9511 | 0.4506 | 0.7253 |  0.7564 |  0.6216 |     15.983       | 0.6177 |      3.125e-05  | [[40.0, 17.4], [60.4, 339.4]] |
+---------+--------+--------+-------------+----------+---------------+--------+--------+---------+---------+------------------+--------+-----------------+-------------------------------+
|      55 | 0.8284 | 0.4983 |      0.7284 |   0.4016 |        0.9516 | 0.4451 | 0.7226 |  0.756  |  0.6185 |     29.8398      | 0.6285 |      3.125e-05  | [[38.6, 17.3], [61.8, 339.5]] |
+---------+--------+--------+-------------+----------+---------------+--------+--------+---------+---------+------------------+--------+-----------------+-------------------------------+
|      56 | 0.8271 | 0.5011 |      0.6928 |   0.414  |        0.9443 | 0.4358 | 0.7179 |  0.7559 |  0.6181 |     13.1053      | 0.6202 |      3.125e-05  | [[40.5, 19.8], [59.9, 337.0]] |
+---------+--------+--------+-------------+----------+---------------+--------+--------+---------+---------+------------------+--------+-----------------+-------------------------------+
|      57 | 0.8319 | 0.5049 |      0.7313 |   0.4013 |        0.9526 | 0.4482 | 0.7241 |  0.756  |  0.6224 |     20.051       | 0.6295 |      3.125e-05  | [[39.3, 16.4], [61.1, 340.4]] |
+---------+--------+--------+-------------+----------+---------------+--------+--------+---------+---------+------------------+--------+-----------------+-------------------------------+
|      58 | 0.8292 | 0.5066 |      0.7163 |   0.4099 |        0.9485 | 0.4455 | 0.7227 |  0.7555 |  0.6225 |     23.8889      | 0.6234 |      3.125e-05  | [[39.8, 18.2], [60.6, 338.6]] |
+---------+--------+--------+-------------+----------+---------------+--------+--------+---------+---------+------------------+--------+-----------------+-------------------------------+
|      59 | 0.8314 | 0.5178 |      0.7024 |   0.4195 |        0.9493 | 0.4501 | 0.725  |  0.7567 |  0.6239 |     12.5236      | 0.6133 |      3.125e-05  | [[40.7, 18.0], [59.7, 338.8]] |
+---------+--------+--------+-------------+----------+---------------+--------+--------+---------+---------+------------------+--------+-----------------+-------------------------------+
|      60 | 0.8257 | 0.4992 |      0.6896 |   0.4111 |        0.9428 | 0.4322 | 0.7161 |  0.7541 |  0.6183 |     12.6965      | 0.6242 |      1.5625e-05 | [[40.4, 20.2], [60.0, 336.6]] |
+---------+--------+--------+-------------+----------+---------------+--------+--------+---------+---------+------------------+--------+-----------------+-------------------------------+